1 20 2 33 1 59 3
2 39 2 12 0 11 1
2 23 2 40 3 59 3
2 56 2 32 0 38 2
2 53 2 63 3 58 3
1 23 2 57 2 0 1
2 62 3 1 3 6 2
1 10 0 46 3 56 3
1 14 0 2 2 13 3
1 14 2 63 0 57 0
1 16 0 59 2 29 1
1 24 3 53 1 4 2
2 3 0 0 0 51 0
2 50 0 0 3 39 2
1 6 0 55 3 13 2
1 35 1 42 3 40 2
1 10 0 46 2 34 1
2 21 1 37 0 29 1
1 7 3 26 0 44 0
1 44 0 49 2 34 0
1 34 1 32 2 58 3
1 44 1 27 2 56 1
1 3 3 20 1 8 3
1 28 1 7 1 12 0
2 36 1 21 1 3 3
2 62 0 29 0 47 3
1 58 0 42 1 38 1
2 33 2 30 0 23 2
2 62 3 0 2 40 1
2 63 1 12 1 27 1
2 22 0 31 0 4 3
2 61 1 3 3 41 3
1 27 3 16 2 41 1
1 25 1 16 3 56 1
2 52 0 20 3 26 2
1 60 0 49 1 49 1
2 56 2 61 2 24 0
2 50 0 9 2 15 2
2 36 0 6 3 58 2
2 60 2 42 3 37 1
1 16 0 59 2 29 1
1 24 3 53 1 4 2
2 3 0 0 0 51 0
2 50 0 0 3 39 2
1 6 0 55 3 13 2
1 35 1 42 3 40 2
1 10 0 46 2 34 1
2 21 1 37 0 29 1
1 7 3 26 0 44 0
1 44 0 49 2 34 0
1 16 0 59 2 29 1
1 24 3 53 1 4 2
2 3 0 0 0 51 0
2 50 0 0 3 39 2
1 6 0 55 3 13 2
1 35 1 42 3 40 2
1 10 0 46 2 34 1
2 21 1 37 0 29 1
1 7 3 26 0 44 0
1 44 0 49 2 34 0
1 16 0 59 2 29 1
1 24 3 53 1 4 2
2 3 0 0 0 51 0
2 50 0 0 3 39 2
1 6 0 55 3 13 2
1 35 1 42 3 40 2
1 10 0 46 2 34 1
2 21 1 37 0 29 1
1 7 3 26 0 44 0
1 44 0 49 2 34 0
2 59 3 1 2 55 2
1 47 0 62 3 3 2
1 43 0 47 2 13 0
1 32 0 4 1 53 3
2 18 1 28 0 18 0
1 11 3 10 3 25 1
1 56 2 32 2 10 3
1 58 0 56 0 50 2
2 15 0 9 1 29 3
2 25 0 5 1 7 0
1 16 0 59 2 29 1
1 24 3 53 1 4 2
2 3 0 0 0 51 0
2 50 0 0 3 39 2
1 6 0 55 3 13 2
1 35 1 42 3 40 2
1 10 0 46 2 34 1
2 21 1 37 0 29 1
1 7 3 26 0 44 0
1 44 0 49 2 34 0
1 16 0 59 2 29 1
1 24 3 53 1 4 2
2 3 0 0 0 51 0
2 50 0 0 3 39 2
1 6 0 55 3 13 2
1 35 1 42 3 40 2
1 10 0 46 2 34 1
2 21 1 37 0 29 1
1 7 3 26 0 44 0
1 44 0 49 2 34 0
1 16 0 59 2 29 1
1 24 3 53 1 4 2
2 3 0 0 0 51 0
2 50 0 0 3 39 2
1 6 0 55 3 13 2
1 35 1 42 3 40 2
1 10 0 46 2 34 1
2 21 1 37 0 29 1
1 7 3 26 0 44 0
1 44 0 49 2 34 0
2 35 3 29 2 57 2
2 52 3 40 2 57 1
2 1 3 60 2 15 0
1 22 2 47 0 1 3
1 45 3 59 0 40 2
1 0 3 49 1 36 2
1 20 3 30 2 63 1
2 50 1 33 3 0 3
2 53 3 55 2 44 3
2 0 0 49 0 50 2
1 16 0 59 2 29 1
1 24 3 53 1 4 2
2 3 0 0 0 51 0
2 50 0 0 3 39 2
1 6 0 55 3 13 2
1 35 1 42 3 40 2
1 10 0 46 2 34 1
2 21 1 37 0 29 1
1 7 3 26 0 44 0
1 44 0 49 2 34 0
1 16 0 59 2 29 1
1 24 3 53 1 4 2
2 3 0 0 0 51 0
2 50 0 0 3 39 2
1 6 0 55 3 13 2
1 35 1 42 3 40 2
1 10 0 46 2 34 1
2 21 1 37 0 29 1
1 7 3 26 0 44 0
1 44 0 49 2 34 0
1 16 0 59 2 29 1
1 24 3 53 1 4 2
2 3 0 0 0 51 0
2 50 0 0 3 39 2
1 6 0 55 3 13 2
1 35 1 42 3 40 2
1 10 0 46 2 34 1
2 21 1 37 0 29 1
1 7 3 26 0 44 0
1 44 0 49 2 34 0
1 16 0 59 2 29 1
1 24 3 53 1 4 2
2 3 0 0 0 51 0
2 50 0 0 3 39 2
1 6 0 55 3 13 2
1 35 1 42 3 40 2
1 10 0 46 2 34 1
2 21 1 37 0 29 1
1 7 3 26 0 44 0
1 44 0 49 2 34 0
1 16 0 59 2 29 1
1 24 3 53 1 4 2
2 3 0 0 0 51 0
2 50 0 0 3 39 2
1 6 0 55 3 13 2
1 35 1 42 3 40 2
1 10 0 46 2 34 1
2 21 1 37 0 29 1
1 7 3 26 0 44 0
1 44 0 49 2 34 0
1 16 0 59 2 29 1
1 24 3 53 1 4 2
2 3 0 0 0 51 0
2 50 0 0 3 39 2
1 6 0 55 3 13 2
1 35 1 42 3 40 2
1 10 0 46 2 34 1
2 21 1 37 0 29 1
1 7 3 26 0 44 0
1 44 0 49 2 34 0
1 16 0 59 2 29 1
1 24 3 53 1 4 2
2 3 0 0 0 51 0
2 50 0 0 3 39 2
1 6 0 55 3 13 2
1 35 1 42 3 40 2
1 10 0 46 2 34 1
2 21 1 37 0 29 1
1 7 3 26 0 44 0
1 44 0 49 2 34 0
1 45 2 11 3 63 0
2 32 3 55 3 19 2
2 56 3 23 1 28 0
1 56 2 26 0 53 1
2 63 2 10 1 55 2
2 28 2 56 0 42 0
2 12 0 5 2 9 0
2 51 0 56 2 61 3
2 51 2 13 1 5 2
1 60 2 8 1 32 1
1 16 0 59 2 29 1
1 24 3 53 1 4 2
2 3 0 0 0 51 0
2 50 0 0 3 39 2
1 6 0 55 3 13 2
1 35 1 42 3 40 2
1 10 0 46 2 34 1
2 21 1 37 0 29 1
1 7 3 26 0 44 0
1 44 0 49 2 34 0
1 16 0 59 2 29 1
1 24 3 53 1 4 2
2 3 0 0 0 51 0
2 50 0 0 3 39 2
1 6 0 55 3 13 2
1 35 1 42 3 40 2
1 10 0 46 2 34 1
2 21 1 37 0 29 1
1 7 3 26 0 44 0
1 44 0 49 2 34 0
1 16 0 59 2 29 1
1 24 3 53 1 4 2
2 3 0 0 0 51 0
2 50 0 0 3 39 2
1 6 0 55 3 13 2
1 35 1 42 3 40 2
1 10 0 46 2 34 1
2 21 1 37 0 29 1
1 7 3 26 0 44 0
1 44 0 49 2 34 0
1 16 0 59 2 29 1
1 24 3 53 1 4 2
2 3 0 0 0 51 0
2 50 0 0 3 39 2
1 6 0 55 3 13 2
1 35 1 42 3 40 2
1 10 0 46 2 34 1
2 21 1 37 0 29 1
1 7 3 26 0 44 0
1 44 0 49 2 34 0
1 16 0 59 2 29 1
1 24 3 53 1 4 2
2 3 0 0 0 51 0
2 50 0 0 3 39 2
1 6 0 55 3 13 2
1 35 1 42 3 40 2
1 10 0 46 2 34 1
2 21 1 37 0 29 1
1 7 3 26 0 44 0
1 44 0 49 2 34 0
1 16 0 59 2 29 1
1 24 3 53 1 4 2
2 3 0 0 0 51 0
2 50 0 0 3 39 2
1 6 0 55 3 13 2
1 35 1 42 3 40 2
1 10 0 46 2 34 1
2 21 1 37 0 29 1
1 7 3 26 0 44 0
1 44 0 49 2 34 0
1 16 0 59 2 29 1
1 24 3 53 1 4 2
2 3 0 0 0 51 0
2 50 0 0 3 39 2
1 6 0 55 3 13 2
1 35 1 42 3 40 2
1 10 0 46 2 34 1
2 21 1 37 0 29 1
1 7 3 26 0 44 0
1 44 0 49 2 34 0
1 16 0 59 2 29 1
1 24 3 53 1 4 2
2 3 0 0 0 51 0
2 50 0 0 3 39 2
1 6 0 55 3 13 2
1 35 1 42 3 40 2
1 10 0 46 2 34 1
2 21 1 37 0 29 1
1 7 3 26 0 44 0
1 44 0 49 2 34 0
1 16 0 59 2 29 1
1 24 3 53 1 4 2
2 3 0 0 0 51 0
2 50 0 0 3 39 2
1 6 0 55 3 13 2
1 35 1 42 3 40 2
1 10 0 46 2 34 1
2 21 1 37 0 29 1
1 7 3 26 0 44 0
1 44 0 49 2 34 0
1 16 0 59 2 29 1
1 24 3 53 1 4 2
2 3 0 0 0 51 0
2 50 0 0 3 39 2
1 6 0 55 3 13 2
1 35 1 42 3 40 2
1 10 0 46 2 34 1
2 21 1 37 0 29 1
1 7 3 26 0 44 0
1 44 0 49 2 34 0
1 16 0 59 2 29 1
1 24 3 53 1 4 2
2 3 0 0 0 51 0
2 50 0 0 3 39 2
1 6 0 55 3 13 2
1 35 1 42 3 40 2
1 10 0 46 2 34 1
2 21 1 37 0 29 1
1 7 3 26 0 44 0
1 44 0 49 2 34 0
1 16 0 59 2 29 1
1 24 3 53 1 4 2
2 3 0 0 0 51 0
2 50 0 0 3 39 2
1 6 0 55 3 13 2
1 35 1 42 3 40 2
1 10 0 46 2 34 1
2 21 1 37 0 29 1
1 7 3 26 0 44 0
1 44 0 49 2 34 0
1 16 0 59 2 29 1
1 24 3 53 1 4 2
2 3 0 0 0 51 0
2 50 0 0 3 39 2
1 6 0 55 3 13 2
1 35 1 42 3 40 2
1 10 0 46 2 34 1
2 21 1 37 0 29 1
1 7 3 26 0 44 0
1 44 0 49 2 34 0
1 16 0 59 2 29 1
1 24 3 53 1 4 2
2 3 0 0 0 51 0
2 50 0 0 3 39 2
1 6 0 55 3 13 2
1 35 1 42 3 40 2
1 10 0 46 2 34 1
2 21 1 37 0 29 1
1 7 3 26 0 44 0
1 44 0 49 2 34 0
1 16 0 59 2 29 1
1 24 3 53 1 4 2
2 3 0 0 0 51 0
2 50 0 0 3 39 2
1 6 0 55 3 13 2
1 35 1 42 3 40 2
1 10 0 46 2 34 1
2 21 1 37 0 29 1
1 7 3 26 0 44 0
1 44 0 49 2 34 0
1 16 0 59 2 29 1
1 24 3 53 1 4 2
2 3 0 0 0 51 0
2 50 0 0 3 39 2
1 6 0 55 3 13 2
1 35 1 42 3 40 2
1 10 0 46 2 34 1
2 21 1 37 0 29 1
1 7 3 26 0 44 0
1 44 0 49 2 34 0
2 29 3 42 2 1 2
2 51 3 63 1 3 2
1 55 0 42 3 18 3
2 58 0 16 0 9 3
1 39 2 8 1 4 0
2 28 1 24 3 24 2
2 35 1 26 2 55 3
1 1 0 44 0 60 2
2 54 2 28 2 7 3
1 35 3 45 2 14 2
1 16 0 59 2 29 1
1 24 3 53 1 4 2
2 3 0 0 0 51 0
2 50 0 0 3 39 2
1 6 0 55 3 13 2
1 35 1 42 3 40 2
1 10 0 46 2 34 1
2 21 1 37 0 29 1
1 7 3 26 0 44 0
1 44 0 49 2 34 0
1 16 0 59 2 29 1
1 24 3 53 1 4 2
2 3 0 0 0 51 0
2 50 0 0 3 39 2
1 6 0 55 3 13 2
1 35 1 42 3 40 2
1 10 0 46 2 34 1
2 21 1 37 0 29 1
1 7 3 26 0 44 0
1 44 0 49 2 34 0
1 16 0 59 2 29 1
1 24 3 53 1 4 2
2 3 0 0 0 51 0
2 50 0 0 3 39 2
1 6 0 55 3 13 2
1 35 1 42 3 40 2
1 10 0 46 2 34 1
2 21 1 37 0 29 1
1 7 3 26 0 44 0
1 44 0 49 2 34 0
1 16 0 59 2 29 1
1 24 3 53 1 4 2
2 3 0 0 0 51 0
2 50 0 0 3 39 2
1 6 0 55 3 13 2
1 35 1 42 3 40 2
1 10 0 46 2 34 1
2 21 1 37 0 29 1
1 7 3 26 0 44 0
1 44 0 49 2 34 0
1 16 0 59 2 29 1
1 24 3 53 1 4 2
2 3 0 0 0 51 0
2 50 0 0 3 39 2
1 6 0 55 3 13 2
1 35 1 42 3 40 2
1 10 0 46 2 34 1
2 21 1 37 0 29 1
1 7 3 26 0 44 0
1 44 0 49 2 34 0
1 16 0 59 2 29 1
1 24 3 53 1 4 2
2 3 0 0 0 51 0
2 50 0 0 3 39 2
1 6 0 55 3 13 2
1 35 1 42 3 40 2
1 10 0 46 2 34 1
2 21 1 37 0 29 1
1 7 3 26 0 44 0
1 44 0 49 2 34 0
1 16 0 59 2 29 1
1 24 3 53 1 4 2
2 3 0 0 0 51 0
2 50 0 0 3 39 2
1 6 0 55 3 13 2
1 35 1 42 3 40 2
1 10 0 46 2 34 1
2 21 1 37 0 29 1
1 7 3 26 0 44 0
1 44 0 49 2 34 0
1 16 0 59 2 29 1
1 24 3 53 1 4 2
2 3 0 0 0 51 0
2 50 0 0 3 39 2
1 6 0 55 3 13 2
1 35 1 42 3 40 2
1 10 0 46 2 34 1
2 21 1 37 0 29 1
1 7 3 26 0 44 0
1 44 0 49 2 34 0
1 16 0 59 2 29 1
1 24 3 53 1 4 2
2 3 0 0 0 51 0
2 50 0 0 3 39 2
1 6 0 55 3 13 2
1 35 1 42 3 40 2
1 10 0 46 2 34 1
2 21 1 37 0 29 1
1 7 3 26 0 44 0
1 44 0 49 2 34 0
1 16 0 59 2 29 1
1 24 3 53 1 4 2
2 3 0 0 0 51 0
2 50 0 0 3 39 2
1 6 0 55 3 13 2
1 35 1 42 3 40 2
1 10 0 46 2 34 1
2 21 1 37 0 29 1
1 7 3 26 0 44 0
1 44 0 49 2 34 0
1 16 0 59 2 29 1
1 24 3 53 1 4 2
2 3 0 0 0 51 0
2 50 0 0 3 39 2
1 6 0 55 3 13 2
1 35 1 42 3 40 2
1 10 0 46 2 34 1
2 21 1 37 0 29 1
1 7 3 26 0 44 0
1 44 0 49 2 34 0
2 21 2 49 1 17 1
1 54 0 21 1 34 2
2 28 2 50 3 41 2
1 51 1 51 0 39 1
2 4 0 30 2 33 1
1 8 2 16 3 63 1
1 49 3 10 2 51 1
2 32 1 55 3 61 0
2 40 2 37 1 40 2
2 58 0 22 3 1 2
1 16 0 59 2 29 1
1 24 3 53 1 4 2
2 3 0 0 0 51 0
2 50 0 0 3 39 2
1 6 0 55 3 13 2
1 35 1 42 3 40 2
1 10 0 46 2 34 1
2 21 1 37 0 29 1
1 7 3 26 0 44 0
1 44 0 49 2 34 0
1 16 0 59 2 29 1
1 24 3 53 1 4 2
2 3 0 0 0 51 0
2 50 0 0 3 39 2
1 6 0 55 3 13 2
1 35 1 42 3 40 2
1 10 0 46 2 34 1
2 21 1 37 0 29 1
1 7 3 26 0 44 0
1 44 0 49 2 34 0
1 17 0 43 2 20 3
2 15 2 44 2 50 1
1 14 1 26 1 1 1
1 48 1 5 3 7 1
2 17 3 5 2 28 3
2 37 2 51 1 24 1
1 53 1 31 2 0 0
2 56 2 6 2 51 3
2 2 0 12 2 56 3
1 47 1 44 3 35 2
2 45 1 32 0 10 1
2 27 1 0 2 50 3
2 43 1 18 1 46 1
1 18 3 60 2 13 0
1 49 0 13 2 54 3
1 37 2 62 0 11 2
2 0 2 37 3 26 3
2 51 1 32 2 10 0
2 3 2 24 3 36 0
2 49 1 28 1 38 0
1 16 0 59 2 29 1
1 24 3 53 1 4 2
2 3 0 0 0 51 0
2 50 0 0 3 39 2
1 6 0 55 3 13 2
1 35 1 42 3 40 2
1 10 0 46 2 34 1
2 21 1 37 0 29 1
1 7 3 26 0 44 0
1 44 0 49 2 34 0
1 16 0 59 2 29 1
1 24 3 53 1 4 2
2 3 0 0 0 51 0
2 50 0 0 3 39 2
1 6 0 55 3 13 2
1 35 1 42 3 40 2
1 10 0 46 2 34 1
2 21 1 37 0 29 1
1 7 3 26 0 44 0
1 44 0 49 2 34 0
1 16 0 59 2 29 1
1 24 3 53 1 4 2
2 3 0 0 0 51 0
2 50 0 0 3 39 2
1 6 0 55 3 13 2
1 35 1 42 3 40 2
1 10 0 46 2 34 1
2 21 1 37 0 29 1
1 7 3 26 0 44 0
1 44 0 49 2 34 0
1 16 0 59 2 29 1
1 24 3 53 1 4 2
2 3 0 0 0 51 0
2 50 0 0 3 39 2
1 6 0 55 3 13 2
1 35 1 42 3 40 2
1 10 0 46 2 34 1
2 21 1 37 0 29 1
1 7 3 26 0 44 0
1 44 0 49 2 34 0
1 40 0 42 0 41 1
2 41 0 49 1 46 1
1 8 0 49 0 28 1
2 56 3 55 0 31 0
1 47 0 57 3 21 2
2 34 3 55 1 27 2
1 36 0 0 2 40 3
2 26 3 21 3 11 2
1 7 1 57 3 33 3
1 20 2 50 0 47 3
1 16 0 59 2 29 1
1 24 3 53 1 4 2
2 3 0 0 0 51 0
2 50 0 0 3 39 2
1 6 0 55 3 13 2
1 35 1 42 3 40 2
1 10 0 46 2 34 1
2 21 1 37 0 29 1
1 7 3 26 0 44 0
1 44 0 49 2 34 0
1 16 0 59 2 29 1
1 24 3 53 1 4 2
2 3 0 0 0 51 0
2 50 0 0 3 39 2
1 6 0 55 3 13 2
1 35 1 42 3 40 2
1 10 0 46 2 34 1
2 21 1 37 0 29 1
1 7 3 26 0 44 0
1 44 0 49 2 34 0
2 24 0 33 2 53 3
2 45 3 19 2 10 3
1 5 2 62 3 22 2
1 37 2 38 1 45 0
1 26 2 37 1 39 0
1 6 3 14 1 14 0
1 26 3 33 1 61 3
1 28 3 39 3 42 0
1 52 3 8 3 59 3
2 6 2 19 2 42 2
1 16 0 59 2 29 1
1 24 3 53 1 4 2
2 3 0 0 0 51 0
2 50 0 0 3 39 2
1 6 0 55 3 13 2
1 35 1 42 3 40 2
1 10 0 46 2 34 1
2 21 1 37 0 29 1
1 7 3 26 0 44 0
1 44 0 49 2 34 0
1 16 0 59 2 29 1
1 24 3 53 1 4 2
2 3 0 0 0 51 0
2 50 0 0 3 39 2
1 6 0 55 3 13 2
1 35 1 42 3 40 2
1 10 0 46 2 34 1
2 21 1 37 0 29 1
1 7 3 26 0 44 0
1 44 0 49 2 34 0
1 16 0 59 2 29 1
1 24 3 53 1 4 2
2 3 0 0 0 51 0
2 50 0 0 3 39 2
1 6 0 55 3 13 2
1 35 1 42 3 40 2
1 10 0 46 2 34 1
2 21 1 37 0 29 1
1 7 3 26 0 44 0
1 44 0 49 2 34 0
1 16 0 59 2 29 1
1 24 3 53 1 4 2
2 3 0 0 0 51 0
2 50 0 0 3 39 2
1 6 0 55 3 13 2
1 35 1 42 3 40 2
1 10 0 46 2 34 1
2 21 1 37 0 29 1
1 7 3 26 0 44 0
1 44 0 49 2 34 0
1 16 0 59 2 29 1
1 24 3 53 1 4 2
2 3 0 0 0 51 0
2 50 0 0 3 39 2
1 6 0 55 3 13 2
1 35 1 42 3 40 2
1 10 0 46 2 34 1
2 21 1 37 0 29 1
1 7 3 26 0 44 0
1 44 0 49 2 34 0
1 16 3 32 2 31 2
2 8 3 38 2 59 3
1 32 0 45 2 34 3
1 39 3 10 3 30 1
2 6 1 55 3 58 0
1 49 0 59 0 29 2
1 35 2 34 0 26 2
2 7 2 32 0 34 3
2 46 0 61 2 5 0
2 62 0 51 2 37 2
1 16 0 59 2 29 1
1 24 3 53 1 4 2
2 3 0 0 0 51 0
2 50 0 0 3 39 2
1 6 0 55 3 13 2
1 35 1 42 3 40 2
1 10 0 46 2 34 1
2 21 1 37 0 29 1
1 7 3 26 0 44 0
1 44 0 49 2 34 0
1 16 0 59 2 29 1
1 24 3 53 1 4 2
2 3 0 0 0 51 0
2 50 0 0 3 39 2
1 6 0 55 3 13 2
1 35 1 42 3 40 2
1 10 0 46 2 34 1
2 21 1 37 0 29 1
1 7 3 26 0 44 0
1 44 0 49 2 34 0
1 16 0 59 2 29 1
1 24 3 53 1 4 2
2 3 0 0 0 51 0
2 50 0 0 3 39 2
1 6 0 55 3 13 2
1 35 1 42 3 40 2
1 10 0 46 2 34 1
2 21 1 37 0 29 1
1 7 3 26 0 44 0
1 44 0 49 2 34 0
1 16 0 59 2 29 1
1 24 3 53 1 4 2
2 3 0 0 0 51 0
2 50 0 0 3 39 2
1 6 0 55 3 13 2
1 35 1 42 3 40 2
1 10 0 46 2 34 1
2 21 1 37 0 29 1
1 7 3 26 0 44 0
1 44 0 49 2 34 0
2 41 0 16 0 16 3
2 52 2 52 0 48 0
2 6 1 2 2 39 1
2 38 3 27 0 41 2
2 32 2 1 0 53 1
2 55 1 4 0 23 3
1 21 2 40 0 52 3
2 27 3 12 2 45 0
2 24 3 24 1 29 0
2 37 0 24 0 61 3
1 16 0 59 2 29 1
1 24 3 53 1 4 2
2 3 0 0 0 51 0
2 50 0 0 3 39 2
1 6 0 55 3 13 2
1 35 1 42 3 40 2
1 10 0 46 2 34 1
2 21 1 37 0 29 1
1 7 3 26 0 44 0
1 44 0 49 2 34 0
1 39 2 1 3 41 1
2 52 3 58 2 18 3
1 26 0 12 2 30 2
2 36 0 47 1 52 2
1 11 1 41 2 41 0
2 25 2 56 1 60 3
1 8 0 38 3 39 1
1 59 1 42 3 1 2
1 11 0 36 1 55 0
2 52 2 14 1 4 2
1 16 0 59 2 29 1
1 24 3 53 1 4 2
2 3 0 0 0 51 0
2 50 0 0 3 39 2
1 6 0 55 3 13 2
1 35 1 42 3 40 2
1 10 0 46 2 34 1
2 21 1 37 0 29 1
1 7 3 26 0 44 0
1 44 0 49 2 34 0
1 16 0 59 2 29 1
1 24 3 53 1 4 2
2 3 0 0 0 51 0
2 50 0 0 3 39 2
1 6 0 55 3 13 2
1 35 1 42 3 40 2
1 10 0 46 2 34 1
2 21 1 37 0 29 1
1 7 3 26 0 44 0
1 44 0 49 2 34 0
1 16 0 59 2 29 1
1 24 3 53 1 4 2
2 3 0 0 0 51 0
2 50 0 0 3 39 2
1 6 0 55 3 13 2
1 35 1 42 3 40 2
1 10 0 46 2 34 1
2 21 1 37 0 29 1
1 7 3 26 0 44 0
1 44 0 49 2 34 0
1 16 0 59 2 29 1
1 24 3 53 1 4 2
2 3 0 0 0 51 0
2 50 0 0 3 39 2
1 6 0 55 3 13 2
1 35 1 42 3 40 2
1 10 0 46 2 34 1
2 21 1 37 0 29 1
1 7 3 26 0 44 0
1 44 0 49 2 34 0
1 16 0 59 2 29 1
1 24 3 53 1 4 2
2 3 0 0 0 51 0
2 50 0 0 3 39 2
1 6 0 55 3 13 2
1 35 1 42 3 40 2
1 10 0 46 2 34 1
2 21 1 37 0 29 1
1 7 3 26 0 44 0
1 44 0 49 2 34 0
1 16 0 59 2 29 1
1 24 3 53 1 4 2
2 3 0 0 0 51 0
2 50 0 0 3 39 2
1 6 0 55 3 13 2
1 35 1 42 3 40 2
1 10 0 46 2 34 1
2 21 1 37 0 29 1
1 7 3 26 0 44 0
1 44 0 49 2 34 0
1 16 0 59 2 29 1
1 24 3 53 1 4 2
2 3 0 0 0 51 0
2 50 0 0 3 39 2
1 6 0 55 3 13 2
1 35 1 42 3 40 2
1 10 0 46 2 34 1
2 21 1 37 0 29 1
1 7 3 26 0 44 0
1 44 0 49 2 34 0
1 16 0 59 2 29 1
1 24 3 53 1 4 2
2 3 0 0 0 51 0
2 50 0 0 3 39 2
1 6 0 55 3 13 2
1 35 1 42 3 40 2
1 10 0 46 2 34 1
2 21 1 37 0 29 1
1 7 3 26 0 44 0
1 44 0 49 2 34 0
1 16 0 59 2 29 1
1 24 3 53 1 4 2
2 3 0 0 0 51 0
2 50 0 0 3 39 2
1 6 0 55 3 13 2
1 35 1 42 3 40 2
1 10 0 46 2 34 1
2 21 1 37 0 29 1
1 7 3 26 0 44 0
1 44 0 49 2 34 0
1 16 0 59 2 29 1
1 24 3 53 1 4 2
2 3 0 0 0 51 0
2 50 0 0 3 39 2
1 6 0 55 3 13 2
1 35 1 42 3 40 2
1 10 0 46 2 34 1
2 21 1 37 0 29 1
1 7 3 26 0 44 0
1 44 0 49 2 34 0
1 52 2 60 0 32 3
2 30 1 53 0 40 2
2 44 2 57 1 53 2
2 22 1 61 2 29 1
2 3 2 46 0 2 1
1 56 0 60 1 60 2
2 40 0 16 0 29 3
2 40 0 18 1 10 2
2 4 1 32 0 55 0
1 57 2 13 0 37 3
1 16 0 59 2 29 1
1 24 3 53 1 4 2
2 3 0 0 0 51 0
2 50 0 0 3 39 2
1 6 0 55 3 13 2
1 35 1 42 3 40 2
1 10 0 46 2 34 1
2 21 1 37 0 29 1
1 7 3 26 0 44 0
1 44 0 49 2 34 0
1 16 0 59 2 29 1
1 24 3 53 1 4 2
2 3 0 0 0 51 0
2 50 0 0 3 39 2
1 6 0 55 3 13 2
1 35 1 42 3 40 2
1 10 0 46 2 34 1
2 21 1 37 0 29 1
1 7 3 26 0 44 0
1 44 0 49 2 34 0
1 16 0 59 2 29 1
1 24 3 53 1 4 2
2 3 0 0 0 51 0
2 50 0 0 3 39 2
1 6 0 55 3 13 2
1 35 1 42 3 40 2
1 10 0 46 2 34 1
2 21 1 37 0 29 1
1 7 3 26 0 44 0
1 44 0 49 2 34 0
1 41 0 8 3 63 0
2 19 2 41 0 63 0
2 13 3 56 0 52 0
2 33 0 10 2 50 1
1 8 0 29 1 59 2
2 49 0 3 3 22 2
1 22 0 25 1 20 3
1 13 3 18 1 33 2
1 5 0 57 1 0 0
2 53 3 12 1 54 1
1 16 0 59 2 29 1
1 24 3 53 1 4 2
2 3 0 0 0 51 0
2 50 0 0 3 39 2
1 6 0 55 3 13 2
1 35 1 42 3 40 2
1 10 0 46 2 34 1
2 21 1 37 0 29 1
1 7 3 26 0 44 0
1 44 0 49 2 34 0
1 16 0 59 2 29 1
1 24 3 53 1 4 2
2 3 0 0 0 51 0
2 50 0 0 3 39 2
1 6 0 55 3 13 2
1 35 1 42 3 40 2
1 10 0 46 2 34 1
2 21 1 37 0 29 1
1 7 3 26 0 44 0
1 44 0 49 2 34 0
1 16 0 59 2 29 1
1 24 3 53 1 4 2
2 3 0 0 0 51 0
2 50 0 0 3 39 2
1 6 0 55 3 13 2
1 35 1 42 3 40 2
1 10 0 46 2 34 1
2 21 1 37 0 29 1
1 7 3 26 0 44 0
1 44 0 49 2 34 0
1 25 2 31 3 55 2
1 1 2 48 1 44 3
1 8 1 25 3 5 2
1 24 1 38 0 63 0
1 40 1 28 1 28 1
2 55 2 4 0 23 0
1 25 2 35 0 6 0
1 5 0 57 2 56 2
2 16 2 20 2 60 0
1 39 0 49 3 55 0
1 16 0 59 2 29 1
1 24 3 53 1 4 2
2 3 0 0 0 51 0
2 50 0 0 3 39 2
1 6 0 55 3 13 2
1 35 1 42 3 40 2
1 10 0 46 2 34 1
2 21 1 37 0 29 1
1 7 3 26 0 44 0
1 44 0 49 2 34 0
1 27 2 5 2 2 3
2 7 3 63 0 60 3
2 46 1 53 2 39 0
2 23 3 6 3 5 2
1 15 0 16 1 51 3
2 50 1 10 0 34 2
2 15 2 25 1 36 0
1 37 2 48 0 35 3
2 7 2 21 0 15 1
1 15 0 25 0 44 2
1 16 0 59 2 29 1
1 24 3 53 1 4 2
2 3 0 0 0 51 0
2 50 0 0 3 39 2
1 6 0 55 3 13 2
1 35 1 42 3 40 2
1 10 0 46 2 34 1
2 21 1 37 0 29 1
1 7 3 26 0 44 0
1 44 0 49 2 34 0
1 16 0 59 2 29 1
1 24 3 53 1 4 2
2 3 0 0 0 51 0
2 50 0 0 3 39 2
1 6 0 55 3 13 2
1 35 1 42 3 40 2
1 10 0 46 2 34 1
2 21 1 37 0 29 1
1 7 3 26 0 44 0
1 44 0 49 2 34 0
1 16 0 59 2 29 1
1 24 3 53 1 4 2
2 3 0 0 0 51 0
2 50 0 0 3 39 2
1 6 0 55 3 13 2
1 35 1 42 3 40 2
1 10 0 46 2 34 1
2 21 1 37 0 29 1
1 7 3 26 0 44 0
1 44 0 49 2 34 0
1 16 0 59 2 29 1
1 24 3 53 1 4 2
2 3 0 0 0 51 0
2 50 0 0 3 39 2
1 6 0 55 3 13 2
1 35 1 42 3 40 2
1 10 0 46 2 34 1
2 21 1 37 0 29 1
1 7 3 26 0 44 0
1 44 0 49 2 34 0
1 13 3 0 3 4 1
1 18 0 31 0 45 0
1 40 1 63 3 62 2
2 11 2 27 3 50 2
2 39 3 9 1 6 0
2 17 2 56 2 3 3
1 37 2 50 2 27 1
1 34 3 3 3 15 2
1 33 2 48 2 49 1
-1 41 0 24 3 13 2
